,phone_id,super_feature
0,2,-0.27315786139924036
1,3,0.43429425257804855
2,4,0.28813597105666
3,6,-0.13891400199333193
4,8,-0.28359876420880925
5,9,0.849511345812865
6,10,0.6591243019679095
7,11,0.0
8,12,-0.13781199988391213
9,13,0.28778814296738414
10,14,0.2831087765337597
11,16,0.2916649266715327
12,18,1.4208810170566435
13,19,1.0
14,20,1.0
15,22,-0.2897489561451081
16,23,-0.12993028939197138
17,24,0.3060455254709288
18,25,1.0
19,26,0.5037072726927916
20,27,-0.4925234581274458
21,28,-0.2897489561451081
22,29,0.004684830653250982
23,30,1.0
24,32,0.9894220607388774
25,33,-0.4925234581274458
26,34,0.5101853598762325
27,35,-0.48847399859562146
28,37,1.1357949133202538
29,38,-0.48847399859562146
30,39,0.9894220607388774
31,40,1.0
32,41,1.3124842711076523
33,43,-0.48847399859562146
34,44,1.0
35,45,1.0
36,47,0.6591243019679095
37,48,1.0
38,49,0.5731616132300315
39,52,-0.48847399859562146
40,53,-0.48847399859562146
41,55,0.00968037855064563
42,56,-0.48847399859562146
43,57,1.0
44,58,1.0
45,59,0.2115617156862205
46,60,1.0
47,61,1.0
48,62,0.0009435797277730362
49,63,-0.48847399859562146
50,64,1.0
51,65,1.0
52,66,1.0
53,67,1.0
54,68,1.0
55,71,1.0
56,72,1.0
57,73,0.00968037855064563
58,74,-0.4925234581274458
59,75,0.2115617156862205
60,76,1.0
61,77,-0.4925234581274458
62,78,-0.48847399859562146
63,80,0.5701212444262241
64,81,1.0
65,82,-0.48847399859562146
66,83,0.3291101165865035
67,84,1.0
68,86,1.0
69,87,-0.48847399859562146
70,88,1.0
71,89,-0.48847399859562146
72,90,1.0
73,91,1.0
74,92,-0.48847399859562146
75,94,1.0
76,96,0.5001447777710673
77,97,1.0
78,98,1.283479556791905
79,99,0.00968037855064563
80,100,1.0
81,101,0.004684830653250982
82,102,1.0
83,103,-0.48847399859562146
84,104,1.0
85,105,1.0
86,106,0.5020810884659207
87,107,-0.48847399859562146
88,109,-0.48847399859562146
89,110,1.0
90,111,1.0
91,112,0.2831087765337597
92,115,1.0
93,116,-0.48847399859562146
94,117,1.0
95,118,-0.4925234581274458
96,119,0.5735280309527993
97,120,1.0
98,121,0.5101853598762325
99,123,-1.0
100,125,1.0
101,126,1.0
102,127,1.0
103,129,1.3124842711076523
104,131,-0.48847399859562146
105,132,0.422324035318407
106,133,1.0
107,134,0.34538055301849757
108,135,0.004684830653250982
